p Pairing_Avg PointCount_Avg

29 221800.000 200.000

59 215900.000 400.000

79 93500.000 800.000

89 110300.000 1000.000

179 103700.000 3700.000

239 110300.000 6000.000

359 130600.000 6000.000

419 123100.000 7000.000

479 129300.000 6500.000

719 118900.000 8900.000

839 108100.000 10200.000

1279 225900.000 9400.000

1439 347200.000 12800.000

2879 328900.000 18700.000

3359 346100.000 22200.000

5119 253500.000 23000.000

6719 338700.000 36400.000

11519 336400.000 48000.000

15359 302600.000 50900.000

20479 279900.000 54900.000

23039 333300.000 92700.000

26879 317600.000 110500.000

53759 354400.000 125900.000

81919 324000.000 141500.000

245759 753700.000 777400.000

737279 878100.000 1031700.000

1310719 874600.000 1235300.000

1474559 935200.000 1560900.000

1966079 912400.000 1750200.000

2949119 995900.000 2531100.000

188743679 1506900.000 162001200.000