p Pairing_Avg

29 221800.000 

59 215900.000 

79 93500.000 

89 110300.000 

179 103700.000 

239 110300.000 

359 130600.000 

419 123100.000 

479 129300.000 

719 118900.000 

839 108100.000 

1279 225900.000 

1439 347200.000 

2879 328900.000 

3359 346100.000 

5119 253500.000 

6719 338700.000 

11519 336400.000 

15359 302600.000 

20479 279900.000 

23039 333300.000 

26879 317600.000 

53759 354400.000 

81919 324000.000 

245759 753700.000 

737279 878100.000 

1310719 874600.000 

1474559 935200.000 

1966079 912400.000 

2949119 995900.000 

188743679 1506900.000 

3523215359 2821900.000 

12079595519 3444900.000 

21474836479 3286800.000 

24159191039 3367600.000 

32212254719 3306200.000 

450971566079 3843800.000 

3092376453119 4469300.000 

6184752906239 4640700.000 

32985348833279 5010100.000 

1407374883553279 6216300.000 

90071992547409919 7637400.000 

810647932926689279 8628000.000 

25940733853654056959 3028800.000 

3873816255479005839359 3212300.000 

23611832414348226068479 3187700.000 

141670994486089356410879 3440600.000 

18133887294219437620592639 3830900.000 

72535549176877750482370559 3990100.000 

1740853180245066011576893439 4423000.000 

445658414142736898963684720639 5281700.000 

1090382340292313801991404229136220159 6931700.000 

1246151246048358630847319119012823039 6883600.000 

7476907476290151785083914714076938239 7245800.000 

29907629905160607140335658856307752959 7455100.000 

69784469778708083327449870664718090239 3775000.000 

638029437976759618993827388934565396479 5019300.000 

669022355955918694246071548179450845179412479 5470300.000 

1784059615882449851322857461811868920478433279 5594000.000 

2740315569995442971631909061343030661854873518079 6709200.000 

4795552247492025200355840857350303658246028656639 6657700.000 

131535147359781262638331634944465471769033928867839 6611200.000 

89794660597610675294434396122088428727660495440445439 7109800.000 

20114003973864791265953304731347808034995950978659778559 7671500.000 

122599643269271108668667762172024734689499129774688174079 7844900.000 

35308697261550079296576315505543123590575749375110194135039 10049600.000 

564939156184801268745221048088689977449211990001763106160639 9656400.000 

96416282655539416532517725540469756151332179626967570118082559 10072500.000 

404399200007259596920005226305294460104557166338108587216554153738239 
12084400.000 

2261564242916331941866620800950935700259179388000792266395655937654553313279 
14183100.000 

5210644015679228794060694325390955853397149309953825381775591280356090833797119 
7845300.000 

1778566490685176761706050329733446264626226964464239063646068490361545671269416\
959 7881100.000 

9485687950320942729098935091911713411339877143809275006112365281928243580103557\
119 8018000.000 

1517710072051350836655829614705874145814380343009484000977978445108518972816569\
13919 8180800.000 

1491969709229359926466146744440462520301368452392043152321391930679478491037600\
1265991679 8814600.000 

2387151534766975882345834791104740032482189523827269043714227089087165585660160\
20255866879 9400600.000 

