p PointMult_Avg Cartier_Avg

29 0.005 0.003

31 0.002 0.004

37 0.002 0.006

41 0.002 0.008

43 0.001 0.009

47 0.002 0.011

53 0.001 0.015

59 0.002 0.023

61 0.001 0.026

67 0.001 0.033

71 0.002 0.037

73 0.001 0.041

79 0.001 0.050

83 0.001 0.055

89 0.001 0.067

97 0.001 0.084

101 0.001 0.091

103 0.001 0.099

107 0.001 0.107

109 0.001 0.115

113 0.001 0.125

127 0.001 0.179

131 0.001 0.199

137 0.001 0.217

139 0.001 0.228

149 0.001 0.271

151 0.001 0.285

157 0.001 0.319

163 0.001 0.337

167 0.001 0.353

173 0.001 0.393

179 0.001 0.424

181 0.001 0.445

191 0.001 0.506

193 0.001 0.523

197 0.001 0.556

199 0.001 0.575

211 0.001 0.689