p PairingCrypto_Avg Pairing_Avg 

5119 300.000 255300.000 

15359 200.000 306500.000 

20479 200.000 272900.000 

23039 200.000 315900.000 

53759 200.000 343000.000 

81919 200.000 317600.000 

245759 200.000 737000.000 

737279 200.000 865400.000 

1310719 200.000 874400.000 

1474559 200.000 929200.000 

1966079 200.000 909700.000 

2949119 300.000 1002800.000 

188743679 400.000 1501000.000 

3523215359 1300.000 2809400.000 

12079595519 1500.000 3437000.000 

21474836479 1800.000 3282100.000 

24159191039 1600.000 3361000.000 

32212254719 1600.000 3317500.000 

450971566079 1800.000 3888400.000 

3092376453119 2100.000 4481400.000 

6184752906239 2100.000 4675500.000 

32985348833279 2400.000 5016000.000 

1407374883553279 3000.000 6245900.000 

90071992547409919 3400.000 7628100.000 

810647932926689279 3600.000 8621100.000 

25940733853654056959 5300.000 3036900.000 

3873816255479005839359 6700.000 3231400.000 

23611832414348226068479 7000.000 3225900.000 

141670994486089356410879 7200.000 3443100.000 

18133887294219437620592639 8600.000 3830500.000 

72535549176877750482370559 9000.000 3979200.000 

1740853180245066011576893439 9400.000 4418900.000 

445658414142736898963684720639 12100.000 5315300.000 

1090382340292313801991404229136220159 16800.000 6902700.000 

1246151246048358630847319119012823039 18200.000 6862800.000 

7476907476290151785083914714076938239 16800.000 7238400.000 

29907629905160607140335658856307752959 18300.000 7453300.000 

69784469778708083327449870664718090239 20700.000 3778500.000 

638029437976759618993827388934565396479 23100.000 4996300.000 

669022355955918694246071548179450845179412479 29000.000 5489400.000 

1784059615882449851322857461811868920478433279 30500.000 5567600.000 

2740315569995442971631909061343030661854873518079 37700.000 6699100.000 

4795552247492025200355840857350303658246028656639 36600.000 6610700.000 

131535147359781262638331634944465471769033928867839 38000.000 6607700.000 

89794660597610675294434396122088428727660495440445439 43900.000 7161200.000 

20114003973864791265953304731347808034995950978659778559 41100.000 7745400.000 

122599643269271108668667762172024734689499129774688174079 46700.000 7902700.000 

35308697261550079296576315505543123590575749375110194135039 60800.000 
10142000.000 

564939156184801268745221048088689977449211990001763106160639 57700.000 
9662000.000 

96416282655539416532517725540469756151332179626967570118082559 58000.000 
10106900.000 

404399200007259596920005226305294460104557166338108587216554153738239 78500.000 
12115500.000 

2261564242916331941866620800950935700259179388000792266395655937654553313279 
96000.000 14143400.000 

5210644015679228794060694325390955853397149309953825381775591280356090833797119 
113200.000 7705700.000 

1778566490685176761706050329733446264626226964464239063646068490361545671269416\
959 112600.000 7870300.000 

9485687950320942729098935091911713411339877143809275006112365281928243580103557\
119 116800.000 8054200.000 

1517710072051350836655829614705874145814380343009484000977978445108518972816569\
13919 124200.000 8208400.000 

1491969709229359926466146744440462520301368452392043152321391930679478491037600\
1265991679 156900.000 8840600.000 

2387151534766975882345834791104740032482189523827269043714227089087165585660160\
20255866879 153600.000 9084300.000 

