p PointMult_Avg PointCount_Avg

29 70.000 110.000 

31 80.000 110.000 

37 90.000 160.000 

41 70.000 170.000 

43 90.000 200.000 

47 80.000 240.000 

53 90.000 300.000 

59 70.000 350.000 

61 90.000 410.000 

67 90.000 480.000 

71 70.000 520.000 

73 100.000 580.000 

79 80.000 660.000 

83 90.000 750.000 

89 90.000 840.000 

97 110.000 1090.000 

101 90.000 1160.000 

103 110.000 1250.000 

107 100.000 1280.000 

109 110.000 1370.000 

113 100.000 1440.000 

127 120.000 1900.000 

131 80.000 1930.000 

137 110.000 2220.000 

139 100.000 2220.000 

149 100.000 2620.000 

151 100.000 2620.000 

157 130.000 3060.000 

163 130.000 3180.000 

167 90.000 3350.000 

173 120.000 3640.000 

179 90.000 3690.000 

181 130.000 4000.000 

191 100.000 4380.000 

193 140.000 4490.000 

197 130.000 4740.000 

199 110.000 4800.000 

211 130.000 5200.000